; MEMORY USED:8192<bytes> 8<kb>

***************
_CarDir_x_table:
CarDir_x_table:
***************

; ---------00-------
	dc.l	0,0,0,0,0,0,0,0
	dc.l	0,0,0,0,0,0,0,0
	dc.l	0,0,0,0,0,0,0,0
	dc.l	0,0,0,0,0,0,0,0
	dc.l	0,0,0,0,0,0,0,0
	dc.l	0,0,0,0,0,0,0,0
	dc.l	0,0,0,0,0,0,0,0
	dc.l	0,0,0,0,0,0,0,0
; ---------01-------
	dc.l	0,1256,2499,3730,4911,6054,7134,8152
	dc.l	9094,9936,10689,11342,11883,12297,12611,12799
	dc.l	12850,12799,12611,12297,11883,11342,10689,9936
	dc.l	9094,8152,7134,6054,4911,3730,2499,1256
	dc.l	0,-1256,-2499,-3730,-4911,-6054,-7134,-8152
	dc.l	-9094,-9936,-10689,-11342,-11883,-12297,-12611,-12799
	dc.l	-12850,-12799,-12611,-12297,-11883,-11342,-10689,-9936
	dc.l	-9094,-8152,-7134,-6054,-4911,-3730,-2499,-1256
; ---------02-------
	dc.l	0,2512,4999,7461,9822,12109,14269,16304
	dc.l	18188,19872,21379,22685,23766,24595,25223,25599
	dc.l	25700,25599,25223,24595,23766,22685,21379,19872
	dc.l	18188,16304,14269,12109,9822,7461,4999,2512
	dc.l	0,-2512,-4999,-7461,-9822,-12109,-14269,-16304
	dc.l	-18188,-19872,-21379,-22685,-23766,-24595,-25223,-25599
	dc.l	-25700,-25599,-25223,-24595,-23766,-22685,-21379,-19872
	dc.l	-18188,-16304,-14269,-12109,-9822,-7461,-4999,-2512
; ---------03-------
	dc.l	0,3768,7499,11192,14734,18163,21404,24456
	dc.l	27283,29808,32069,34028,35649,36892,37834,38399
	dc.l	38550,38399,37834,36892,35649,34028,32069,29808
	dc.l	27283,24456,21404,18163,14734,11192,7499,3768
	dc.l	0,-3768,-7499,-11192,-14734,-18163,-21404,-24456
	dc.l	-27283,-29808,-32069,-34028,-35649,-36892,-37834,-38399
	dc.l	-38550,-38399,-37834,-36892,-35649,-34028,-32069,-29808
	dc.l	-27283,-24456,-21404,-18163,-14734,-11192,-7499,-3768
; ---------04-------
	dc.l	0,5024,9998,14922,19645,24218,28539,32609
	dc.l	36377,39744,42758,45371,47532,49190,50446,51199
	dc.l	51400,51199,50446,49190,47532,45371,42758,39744
	dc.l	36377,32609,28539,24218,19645,14922,9998,5024
	dc.l	0,-5024,-9998,-14922,-19645,-24218,-28539,-32609
	dc.l	-36377,-39744,-42758,-45371,-47532,-49190,-50446,-51199
	dc.l	-51400,-51199,-50446,-49190,-47532,-45371,-42758,-39744
	dc.l	-36377,-32609,-28539,-24218,-19645,-14922,-9998,-5024
; ---------05-------
	dc.l	0,6280,12498,18653,24557,30272,35674,40761
	dc.l	45471,49680,53448,56714,59415,61487,63057,63999
	dc.l	64251,63999,63057,61487,59415,56714,53448,49680
	dc.l	45471,40761,35674,30272,24557,18653,12498,6280
	dc.l	0,-6280,-12498,-18653,-24557,-30272,-35674,-40761
	dc.l	-45471,-49680,-53448,-56714,-59415,-61487,-63057,-63999
	dc.l	-64251,-63999,-63057,-61487,-59415,-56714,-53448,-49680
	dc.l	-45471,-40761,-35674,-30272,-24557,-18653,-12498,-6280
; ---------06-------
	dc.l	0,7536,14998,22384,29468,36327,42808,48913
	dc.l	54566,59616,64138,68057,71298,73785,75669,76799
	dc.l	77101,76799,75669,73785,71298,68057,64138,59616
	dc.l	54566,48913,42808,36327,29468,22384,14998,7536
	dc.l	0,-7536,-14998,-22384,-29468,-36327,-42808,-48913
	dc.l	-54566,-59616,-64138,-68057,-71298,-73785,-75669,-76799
	dc.l	-77101,-76799,-75669,-73785,-71298,-68057,-64138,-59616
	dc.l	-54566,-48913,-42808,-36327,-29468,-22384,-14998,-7536
; ---------07-------
	dc.l	0,8792,17497,26114,34380,42381,49943,57066
	dc.l	63660,69552,74827,79400,83181,86082,88280,89599
	dc.l	89951,89599,88280,86082,83181,79400,74827,69552
	dc.l	63660,57066,49943,42381,34380,26114,17497,8792
	dc.l	0,-8792,-17497,-26114,-34380,-42381,-49943,-57066
	dc.l	-63660,-69552,-74827,-79400,-83181,-86082,-88280,-89599
	dc.l	-89951,-89599,-88280,-86082,-83181,-79400,-74827,-69552
	dc.l	-63660,-57066,-49943,-42381,-34380,-26114,-17497,-8792
; ---------08-------
	dc.l	0,10049,19997,29845,39291,48436,57078,65218
	dc.l	72755,79488,85517,90742,95064,98380,100892,102399
	dc.l	102801,102399,100892,98380,95064,90742,85517,79488
	dc.l	72755,65218,57078,48436,39291,29845,19997,10049
	dc.l	0,-10049,-19997,-29845,-39291,-48436,-57078,-65218
	dc.l	-72755,-79488,-85517,-90742,-95064,-98380,-100892,-102399
	dc.l	-102801,-102399,-100892,-98380,-95064,-90742,-85517,-79488
	dc.l	-72755,-65218,-57078,-48436,-39291,-29845,-19997,-10049
; ---------09-------
	dc.l	0,11305,22497,33576,44203,54491,64213,73370
	dc.l	81849,89424,96207,102085,106947,110677,113504,115199
	dc.l	115652,115199,113504,110677,106947,102085,96207,89424
	dc.l	81849,73370,64213,54491,44203,33576,22497,11305
	dc.l	0,-11305,-22497,-33576,-44203,-54491,-64213,-73370
	dc.l	-81849,-89424,-96207,-102085,-106947,-110677,-113504,-115199
	dc.l	-115652,-115199,-113504,-110677,-106947,-102085,-96207,-89424
	dc.l	-81849,-73370,-64213,-54491,-44203,-33576,-22497,-11305
; ---------10-------
	dc.l	0,12561,24997,37307,49114,60545,71348,81522
	dc.l	90943,99360,106896,113428,118830,122975,126115,127999
	dc.l	128502,127999,126115,122975,118830,113428,106896,99360
	dc.l	90943,81522,71348,60545,49114,37307,24997,12561
	dc.l	0,-12561,-24997,-37307,-49114,-60545,-71348,-81522
	dc.l	-90943,-99360,-106896,-113428,-118830,-122975,-126115,-127999
	dc.l	-128502,-127999,-126115,-122975,-118830,-113428,-106896,-99360
	dc.l	-90943,-81522,-71348,-60545,-49114,-37307,-24997,-12561
; ---------11-------
	dc.l	0,13817,27496,41037,54026,66600,78483,89675
	dc.l	100038,109296,117586,124771,130713,135272,138727,140799
	dc.l	141352,140799,138727,135272,130713,124771,117586,109296
	dc.l	100038,89675,78483,66600,54026,41037,27496,13817
	dc.l	0,-13817,-27496,-41037,-54026,-66600,-78483,-89675
	dc.l	-100038,-109296,-117586,-124771,-130713,-135272,-138727,-140799
	dc.l	-141352,-140799,-138727,-135272,-130713,-124771,-117586,-109296
	dc.l	-100038,-89675,-78483,-66600,-54026,-41037,-27496,-13817
; ---------12-------
	dc.l	0,15073,29996,44768,58937,72654,85617,97827
	dc.l	109132,119232,128276,136114,142596,147570,151338,153599
	dc.l	154202,153599,151338,147570,142596,136114,128276,119232
	dc.l	109132,97827,85617,72654,58937,44768,29996,15073
	dc.l	0,-15073,-29996,-44768,-58937,-72654,-85617,-97827
	dc.l	-109132,-119232,-128276,-136114,-142596,-147570,-151338,-153599
	dc.l	-154202,-153599,-151338,-147570,-142596,-136114,-128276,-119232
	dc.l	-109132,-97827,-85617,-72654,-58937,-44768,-29996,-15073
; ---------13-------
	dc.l	0,16329,32496,48499,63849,78709,92752,105979
	dc.l	118227,129168,138965,147457,154479,159867,163950,166399
	dc.l	167053,166399,163950,159867,154479,147457,138965,129168
	dc.l	118227,105979,92752,78709,63849,48499,32496,16329
	dc.l	0,-16329,-32496,-48499,-63849,-78709,-92752,-105979
	dc.l	-118227,-129168,-138965,-147457,-154479,-159867,-163950,-166399
	dc.l	-167053,-166399,-163950,-159867,-154479,-147457,-138965,-129168
	dc.l	-118227,-105979,-92752,-78709,-63849,-48499,-32496,-16329
; ---------14-------
	dc.l	0,17585,34995,52229,68760,84763,99887,114132
	dc.l	127321,139104,149655,158800,166362,172165,176561,179199
	dc.l	179903,179199,176561,172165,166362,158800,149655,139104
	dc.l	127321,114132,99887,84763,68760,52229,34995,17585
	dc.l	0,-17585,-34995,-52229,-68760,-84763,-99887,-114132
	dc.l	-127321,-139104,-149655,-158800,-166362,-172165,-176561,-179199
	dc.l	-179903,-179199,-176561,-172165,-166362,-158800,-149655,-139104
	dc.l	-127321,-114132,-99887,-84763,-68760,-52229,-34995,-17585
; ---------15-------
	dc.l	0,18841,37495,55960,73672,90818,107022,122284
	dc.l	136415,149040,160345,170143,178245,184463,189173,191999
	dc.l	192753,191999,189173,184463,178245,170143,160345,149040
	dc.l	136415,122284,107022,90818,73672,55960,37495,18841
	dc.l	0,-18841,-37495,-55960,-73672,-90818,-107022,-122284
	dc.l	-136415,-149040,-160345,-170143,-178245,-184463,-189173,-191999
	dc.l	-192753,-191999,-189173,-184463,-178245,-170143,-160345,-149040
	dc.l	-136415,-122284,-107022,-90818,-73672,-55960,-37495,-18841
; ---------16-------
	dc.l	0,20098,39995,59691,78583,96872,114157,130436
	dc.l	145510,158976,171034,181485,190128,196760,201785,204799
	dc.l	205603,204799,201785,196760,190128,181485,171034,158976
	dc.l	145510,130436,114157,96872,78583,59691,39995,20098
	dc.l	0,-20098,-39995,-59691,-78583,-96872,-114157,-130436
	dc.l	-145510,-158976,-171034,-181485,-190128,-196760,-201785,-204799
	dc.l	-205603,-204799,-201785,-196760,-190128,-181485,-171034,-158976
	dc.l	-145510,-130436,-114157,-96872,-78583,-59691,-39995,-20098
; ---------17-------
	dc.l	0,21354,42494,63422,83495,102927,121292,138589
	dc.l	154604,168912,181724,192828,202011,209058,214396,217599
	dc.l	218453,217599,214396,209058,202011,192828,181724,168912
	dc.l	154604,138589,121292,102927,83495,63422,42494,21354
	dc.l	0,-21354,-42494,-63422,-83495,-102927,-121292,-138589
	dc.l	-154604,-168912,-181724,-192828,-202011,-209058,-214396,-217599
	dc.l	-218453,-217599,-214396,-209058,-202011,-192828,-181724,-168912
	dc.l	-154604,-138589,-121292,-102927,-83495,-63422,-42494,-21354
; ---------18-------
	dc.l	0,22610,44994,67152,88406,108982,128426,146741
	dc.l	163699,178848,192414,204171,213894,221355,227008,230399
	dc.l	231304,230399,227008,221355,213894,204171,192414,178848
	dc.l	163699,146741,128426,108982,88406,67152,44994,22610
	dc.l	0,-22610,-44994,-67152,-88406,-108982,-128426,-146741
	dc.l	-163699,-178848,-192414,-204171,-213894,-221355,-227008,-230399
	dc.l	-231304,-230399,-227008,-221355,-213894,-204171,-192414,-178848
	dc.l	-163699,-146741,-128426,-108982,-88406,-67152,-44994,-22610
; ---------19-------
	dc.l	0,23866,47494,70883,93318,115036,135561,154893
	dc.l	172793,188784,203104,215514,225777,233653,239619,243199
	dc.l	244154,243199,239619,233653,225777,215514,203104,188784
	dc.l	172793,154893,135561,115036,93318,70883,47494,23866
	dc.l	0,-23866,-47494,-70883,-93318,-115036,-135561,-154893
	dc.l	-172793,-188784,-203104,-215514,-225777,-233653,-239619,-243199
	dc.l	-244154,-243199,-239619,-233653,-225777,-215514,-203104,-188784
	dc.l	-172793,-154893,-135561,-115036,-93318,-70883,-47494,-23866
; ---------20-------
	dc.l	0,25122,49994,74614,98229,121091,142696,163045
	dc.l	181887,198720,213793,226857,237660,245950,252231,255999
	dc.l	257004,255999,252231,245950,237660,226857,213793,198720
	dc.l	181887,163045,142696,121091,98229,74614,49994,25122
	dc.l	0,-25122,-49994,-74614,-98229,-121091,-142696,-163045
	dc.l	-181887,-198720,-213793,-226857,-237660,-245950,-252231,-255999
	dc.l	-257004,-255999,-252231,-245950,-237660,-226857,-213793,-198720
	dc.l	-181887,-163045,-142696,-121091,-98229,-74614,-49994,-25122
; ---------21-------
	dc.l	0,26378,52493,78344,103141,127145,149831,171198
	dc.l	190982,208656,224483,238200,249543,258248,264842,268799
	dc.l	269854,268799,264842,258248,249543,238200,224483,208656
	dc.l	190982,171198,149831,127145,103141,78344,52493,26378
	dc.l	0,-26378,-52493,-78344,-103141,-127145,-149831,-171198
	dc.l	-190982,-208656,-224483,-238200,-249543,-258248,-264842,-268799
	dc.l	-269854,-268799,-264842,-258248,-249543,-238200,-224483,-208656
	dc.l	-190982,-171198,-149831,-127145,-103141,-78344,-52493,-26378
; ---------22-------
	dc.l	0,27634,54993,82075,108052,133200,156966,179350
	dc.l	200076,218592,235173,249543,261426,270545,277454,281599
	dc.l	282705,281599,277454,270545,261426,249543,235173,218592
	dc.l	200076,179350,156966,133200,108052,82075,54993,27634
	dc.l	0,-27634,-54993,-82075,-108052,-133200,-156966,-179350
	dc.l	-200076,-218592,-235173,-249543,-261426,-270545,-277454,-281599
	dc.l	-282705,-281599,-277454,-270545,-261426,-249543,-235173,-218592
	dc.l	-200076,-179350,-156966,-133200,-108052,-82075,-54993,-27634
; ---------23-------
	dc.l	0,28891,57493,85806,112963,139254,164101,187502
	dc.l	209171,228528,245862,260886,273309,282843,290066,294399
	dc.l	295555,294399,290066,282843,273309,260886,245862,228528
	dc.l	209171,187502,164101,139254,112963,85806,57493,28891
	dc.l	0,-28891,-57493,-85806,-112963,-139254,-164101,-187502
	dc.l	-209171,-228528,-245862,-260886,-273309,-282843,-290066,-294399
	dc.l	-295555,-294399,-290066,-282843,-273309,-260886,-245862,-228528
	dc.l	-209171,-187502,-164101,-139254,-112963,-85806,-57493,-28891
; ---------24-------
	dc.l	0,30147,59992,89537,117875,145309,171235,195655
	dc.l	218265,238464,256552,272228,285192,295140,302677,307199
	dc.l	308405,307199,302677,295140,285192,272228,256552,238464
	dc.l	218265,195655,171235,145309,117875,89537,59992,30147
	dc.l	0,-30147,-59992,-89537,-117875,-145309,-171235,-195655
	dc.l	-218265,-238464,-256552,-272228,-285192,-295140,-302677,-307199
	dc.l	-308405,-307199,-302677,-295140,-285192,-272228,-256552,-238464
	dc.l	-218265,-195655,-171235,-145309,-117875,-89537,-59992,-30147
; ---------25-------
	dc.l	0,31403,62492,93267,122786,151363,178370,203807
	dc.l	227359,248400,267242,283571,297075,307438,315289,319999
	dc.l	321255,319999,315289,307438,297075,283571,267242,248400
	dc.l	227359,203807,178370,151363,122786,93267,62492,31403
	dc.l	0,-31403,-62492,-93267,-122786,-151363,-178370,-203807
	dc.l	-227359,-248400,-267242,-283571,-297075,-307438,-315289,-319999
	dc.l	-321255,-319999,-315289,-307438,-297075,-283571,-267242,-248400
	dc.l	-227359,-203807,-178370,-151363,-122786,-93267,-62492,-31403
; ---------26-------
	dc.l	0,32659,64992,96998,127698,157418,185505,211959
	dc.l	236454,258336,277931,294914,308958,319735,327900,332799
	dc.l	334106,332799,327900,319735,308958,294914,277931,258336
	dc.l	236454,211959,185505,157418,127698,96998,64992,32659
	dc.l	0,-32659,-64992,-96998,-127698,-157418,-185505,-211959
	dc.l	-236454,-258336,-277931,-294914,-308958,-319735,-327900,-332799
	dc.l	-334106,-332799,-327900,-319735,-308958,-294914,-277931,-258336
	dc.l	-236454,-211959,-185505,-157418,-127698,-96998,-64992,-32659
; ---------27-------
	dc.l	0,33915,67491,100729,132609,163473,192640,220112
	dc.l	245548,268272,288621,306257,320841,332033,340512,345599
	dc.l	346956,345599,340512,332033,320841,306257,288621,268272
	dc.l	245548,220112,192640,163473,132609,100729,67491,33915
	dc.l	0,-33915,-67491,-100729,-132609,-163473,-192640,-220112
	dc.l	-245548,-268272,-288621,-306257,-320841,-332033,-340512,-345599
	dc.l	-346956,-345599,-340512,-332033,-320841,-306257,-288621,-268272
	dc.l	-245548,-220112,-192640,-163473,-132609,-100729,-67491,-33915
; ---------28-------
	dc.l	0,35171,69991,104459,137521,169527,199775,228264
	dc.l	254643,278208,299311,317600,332724,344330,353123,358399
	dc.l	359806,358399,353123,344330,332724,317600,299311,278208
	dc.l	254643,228264,199775,169527,137521,104459,69991,35171
	dc.l	0,-35171,-69991,-104459,-137521,-169527,-199775,-228264
	dc.l	-254643,-278208,-299311,-317600,-332724,-344330,-353123,-358399
	dc.l	-359806,-358399,-353123,-344330,-332724,-317600,-299311,-278208
	dc.l	-254643,-228264,-199775,-169527,-137521,-104459,-69991,-35171
; ---------29-------
	dc.l	0,36427,72491,108190,142432,175582,206910,236416
	dc.l	263737,288144,310000,328943,344607,356628,365735,371199
	dc.l	372656,371199,365735,356628,344607,328943,310000,288144
	dc.l	263737,236416,206910,175582,142432,108190,72491,36427
	dc.l	0,-36427,-72491,-108190,-142432,-175582,-206910,-236416
	dc.l	-263737,-288144,-310000,-328943,-344607,-356628,-365735,-371199
	dc.l	-372656,-371199,-365735,-356628,-344607,-328943,-310000,-288144
	dc.l	-263737,-236416,-206910,-175582,-142432,-108190,-72491,-36427
; ---------30-------
	dc.l	0,37683,74991,111921,147344,181636,214044,244568
	dc.l	272831,298080,320690,340286,356490,368926,378347,383999
	dc.l	385506,383999,378347,368926,356490,340286,320690,298080
	dc.l	272831,244568,214044,181636,147344,111921,74991,37683
	dc.l	0,-37683,-74991,-111921,-147344,-181636,-214044,-244568
	dc.l	-272831,-298080,-320690,-340286,-356490,-368926,-378347,-383999
	dc.l	-385506,-383999,-378347,-368926,-356490,-340286,-320690,-298080
	dc.l	-272831,-244568,-214044,-181636,-147344,-111921,-74991,-37683
; ---------31-------
	dc.l	0,38940,77490,115652,152255,187691,221179,252721
	dc.l	281926,308016,331380,351629,368373,381223,390958,396799
	dc.l	398357,396799,390958,381223,368373,351629,331380,308016
	dc.l	281926,252721,221179,187691,152255,115652,77490,38940
	dc.l	0,-38940,-77490,-115652,-152255,-187691,-221179,-252721
	dc.l	-281926,-308016,-331380,-351629,-368373,-381223,-390958,-396799
	dc.l	-398357,-396799,-390958,-381223,-368373,-351629,-331380,-308016
	dc.l	-281926,-252721,-221179,-187691,-152255,-115652,-77490,-38940






; MEMORY USED:8192<bytes> 8<kb>

***************
_CarDir_y_table:
CarDir_y_table:
***************

; ---------00-------
	dc.l	0,0,0,0,0,0,0,0
	dc.l	0,0,0,0,0,0,0,0
	dc.l	0,0,0,0,0,0,0,0
	dc.l	0,0,0,0,0,0,0,0
	dc.l	0,0,0,0,0,0,0,0
	dc.l	0,0,0,0,0,0,0,0
	dc.l	0,0,0,0,0,0,0,0
	dc.l	0,0,0,0,0,0,0,0
; ---------01-------
	dc.l	-12850,-12799,-12611,-12297,-11883,-11342,-10689,-9936
	dc.l	-9094,-8152,-7134,-6054,-4911,-3730,-2499,-1256
	dc.l	0,1256,2499,3730,4911,6054,7134,8152
	dc.l	9094,9936,10689,11342,11883,12297,12611,12799
	dc.l	12850,12799,12611,12297,11883,11342,10689,9936
	dc.l	9094,8152,7134,6054,4911,3730,2499,1256
	dc.l	0,-1256,-2499,-3730,-4911,-6054,-7134,-8152
	dc.l	-9094,-9936,-10689,-11342,-11883,-12297,-12611,-12799
; ---------02-------
	dc.l	-25700,-25599,-25223,-24595,-23766,-22685,-21379,-19872
	dc.l	-18188,-16304,-14269,-12109,-9822,-7461,-4999,-2512
	dc.l	0,2512,4999,7461,9822,12109,14269,16304
	dc.l	18188,19872,21379,22685,23766,24595,25223,25599
	dc.l	25700,25599,25223,24595,23766,22685,21379,19872
	dc.l	18188,16304,14269,12109,9822,7461,4999,2512
	dc.l	0,-2512,-4999,-7461,-9822,-12109,-14269,-16304
	dc.l	-18188,-19872,-21379,-22685,-23766,-24595,-25223,-25599
; ---------03-------
	dc.l	-38550,-38399,-37834,-36892,-35649,-34028,-32069,-29808
	dc.l	-27283,-24456,-21404,-18163,-14734,-11192,-7499,-3768
	dc.l	0,3768,7499,11192,14734,18163,21404,24456
	dc.l	27283,29808,32069,34028,35649,36892,37834,38399
	dc.l	38550,38399,37834,36892,35649,34028,32069,29808
	dc.l	27283,24456,21404,18163,14734,11192,7499,3768
	dc.l	0,-3768,-7499,-11192,-14734,-18163,-21404,-24456
	dc.l	-27283,-29808,-32069,-34028,-35649,-36892,-37834,-38399
; ---------04-------
	dc.l	-51400,-51199,-50446,-49190,-47532,-45371,-42758,-39744
	dc.l	-36377,-32609,-28539,-24218,-19645,-14922,-9998,-5024
	dc.l	0,5024,9998,14922,19645,24218,28539,32609
	dc.l	36377,39744,42758,45371,47532,49190,50446,51199
	dc.l	51400,51199,50446,49190,47532,45371,42758,39744
	dc.l	36377,32609,28539,24218,19645,14922,9998,5024
	dc.l	0,-5024,-9998,-14922,-19645,-24218,-28539,-32609
	dc.l	-36377,-39744,-42758,-45371,-47532,-49190,-50446,-51199
; ---------05-------
	dc.l	-64251,-63999,-63057,-61487,-59415,-56714,-53448,-49680
	dc.l	-45471,-40761,-35674,-30272,-24557,-18653,-12498,-6280
	dc.l	0,6280,12498,18653,24557,30272,35674,40761
	dc.l	45471,49680,53448,56714,59415,61487,63057,63999
	dc.l	64251,63999,63057,61487,59415,56714,53448,49680
	dc.l	45471,40761,35674,30272,24557,18653,12498,6280
	dc.l	0,-6280,-12498,-18653,-24557,-30272,-35674,-40761
	dc.l	-45471,-49680,-53448,-56714,-59415,-61487,-63057,-63999
; ---------06-------
	dc.l	-77101,-76799,-75669,-73785,-71298,-68057,-64138,-59616
	dc.l	-54566,-48913,-42808,-36327,-29468,-22384,-14998,-7536
	dc.l	0,7536,14998,22384,29468,36327,42808,48913
	dc.l	54566,59616,64138,68057,71298,73785,75669,76799
	dc.l	77101,76799,75669,73785,71298,68057,64138,59616
	dc.l	54566,48913,42808,36327,29468,22384,14998,7536
	dc.l	0,-7536,-14998,-22384,-29468,-36327,-42808,-48913
	dc.l	-54566,-59616,-64138,-68057,-71298,-73785,-75669,-76799
; ---------07-------
	dc.l	-89951,-89599,-88280,-86082,-83181,-79400,-74827,-69552
	dc.l	-63660,-57066,-49943,-42381,-34380,-26114,-17497,-8792
	dc.l	0,8792,17497,26114,34380,42381,49943,57066
	dc.l	63660,69552,74827,79400,83181,86082,88280,89599
	dc.l	89951,89599,88280,86082,83181,79400,74827,69552
	dc.l	63660,57066,49943,42381,34380,26114,17497,8792
	dc.l	0,-8792,-17497,-26114,-34380,-42381,-49943,-57066
	dc.l	-63660,-69552,-74827,-79400,-83181,-86082,-88280,-89599
; ---------08-------
	dc.l	-102801,-102399,-100892,-98380,-95064,-90742,-85517,-79488
	dc.l	-72755,-65218,-57078,-48436,-39291,-29845,-19997,-10049
	dc.l	0,10049,19997,29845,39291,48436,57078,65218
	dc.l	72755,79488,85517,90742,95064,98380,100892,102399
	dc.l	102801,102399,100892,98380,95064,90742,85517,79488
	dc.l	72755,65218,57078,48436,39291,29845,19997,10049
	dc.l	0,-10049,-19997,-29845,-39291,-48436,-57078,-65218
	dc.l	-72755,-79488,-85517,-90742,-95064,-98380,-100892,-102399
; ---------09-------
	dc.l	-115652,-115199,-113504,-110677,-106947,-102085,-96207,-89424
	dc.l	-81849,-73370,-64213,-54491,-44203,-33576,-22497,-11305
	dc.l	0,11305,22497,33576,44203,54491,64213,73370
	dc.l	81849,89424,96207,102085,106947,110677,113504,115199
	dc.l	115652,115199,113504,110677,106947,102085,96207,89424
	dc.l	81849,73370,64213,54491,44203,33576,22497,11305
	dc.l	0,-11305,-22497,-33576,-44203,-54491,-64213,-73370
	dc.l	-81849,-89424,-96207,-102085,-106947,-110677,-113504,-115199
; ---------10-------
	dc.l	-128502,-127999,-126115,-122975,-118830,-113428,-106896,-99360
	dc.l	-90943,-81522,-71348,-60545,-49114,-37307,-24997,-12561
	dc.l	0,12561,24997,37307,49114,60545,71348,81522
	dc.l	90943,99360,106896,113428,118830,122975,126115,127999
	dc.l	128502,127999,126115,122975,118830,113428,106896,99360
	dc.l	90943,81522,71348,60545,49114,37307,24997,12561
	dc.l	0,-12561,-24997,-37307,-49114,-60545,-71348,-81522
	dc.l	-90943,-99360,-106896,-113428,-118830,-122975,-126115,-127999
; ---------11-------
	dc.l	-141352,-140799,-138727,-135272,-130713,-124771,-117586,-109296
	dc.l	-100038,-89675,-78483,-66600,-54026,-41037,-27496,-13817
	dc.l	0,13817,27496,41037,54026,66600,78483,89675
	dc.l	100038,109296,117586,124771,130713,135272,138727,140799
	dc.l	141352,140799,138727,135272,130713,124771,117586,109296
	dc.l	100038,89675,78483,66600,54026,41037,27496,13817
	dc.l	0,-13817,-27496,-41037,-54026,-66600,-78483,-89675
	dc.l	-100038,-109296,-117586,-124771,-130713,-135272,-138727,-140799
; ---------12-------
	dc.l	-154202,-153599,-151338,-147570,-142596,-136114,-128276,-119232
	dc.l	-109132,-97827,-85617,-72654,-58937,-44768,-29996,-15073
	dc.l	0,15073,29996,44768,58937,72654,85617,97827
	dc.l	109132,119232,128276,136114,142596,147570,151338,153599
	dc.l	154202,153599,151338,147570,142596,136114,128276,119232
	dc.l	109132,97827,85617,72654,58937,44768,29996,15073
	dc.l	0,-15073,-29996,-44768,-58937,-72654,-85617,-97827
	dc.l	-109132,-119232,-128276,-136114,-142596,-147570,-151338,-153599
; ---------13-------
	dc.l	-167053,-166399,-163950,-159867,-154479,-147457,-138965,-129168
	dc.l	-118227,-105979,-92752,-78709,-63849,-48499,-32496,-16329
	dc.l	0,16329,32496,48499,63849,78709,92752,105979
	dc.l	118227,129168,138965,147457,154479,159867,163950,166399
	dc.l	167053,166399,163950,159867,154479,147457,138965,129168
	dc.l	118227,105979,92752,78709,63849,48499,32496,16329
	dc.l	0,-16329,-32496,-48499,-63849,-78709,-92752,-105979
	dc.l	-118227,-129168,-138965,-147457,-154479,-159867,-163950,-166399
; ---------14-------
	dc.l	-179903,-179199,-176561,-172165,-166362,-158800,-149655,-139104
	dc.l	-127321,-114132,-99887,-84763,-68760,-52229,-34995,-17585
	dc.l	0,17585,34995,52229,68760,84763,99887,114132
	dc.l	127321,139104,149655,158800,166362,172165,176561,179199
	dc.l	179903,179199,176561,172165,166362,158800,149655,139104
	dc.l	127321,114132,99887,84763,68760,52229,34995,17585
	dc.l	0,-17585,-34995,-52229,-68760,-84763,-99887,-114132
	dc.l	-127321,-139104,-149655,-158800,-166362,-172165,-176561,-179199
; ---------15-------
	dc.l	-192753,-191999,-189173,-184463,-178245,-170143,-160345,-149040
	dc.l	-136415,-122284,-107022,-90818,-73672,-55960,-37495,-18841
	dc.l	0,18841,37495,55960,73672,90818,107022,122284
	dc.l	136415,149040,160345,170143,178245,184463,189173,191999
	dc.l	192753,191999,189173,184463,178245,170143,160345,149040
	dc.l	136415,122284,107022,90818,73672,55960,37495,18841
	dc.l	0,-18841,-37495,-55960,-73672,-90818,-107022,-122284
	dc.l	-136415,-149040,-160345,-170143,-178245,-184463,-189173,-191999
; ---------16-------
	dc.l	-205603,-204799,-201785,-196760,-190128,-181485,-171034,-158976
	dc.l	-145510,-130436,-114157,-96872,-78583,-59691,-39995,-20098
	dc.l	0,20098,39995,59691,78583,96872,114157,130436
	dc.l	145510,158976,171034,181485,190128,196760,201785,204799
	dc.l	205603,204799,201785,196760,190128,181485,171034,158976
	dc.l	145510,130436,114157,96872,78583,59691,39995,20098
	dc.l	0,-20098,-39995,-59691,-78583,-96872,-114157,-130436
	dc.l	-145510,-158976,-171034,-181485,-190128,-196760,-201785,-204799
; ---------17-------
	dc.l	-218453,-217599,-214396,-209058,-202011,-192828,-181724,-168912
	dc.l	-154604,-138589,-121292,-102927,-83495,-63422,-42494,-21354
	dc.l	0,21354,42494,63422,83495,102927,121292,138589
	dc.l	154604,168912,181724,192828,202011,209058,214396,217599
	dc.l	218453,217599,214396,209058,202011,192828,181724,168912
	dc.l	154604,138589,121292,102927,83495,63422,42494,21354
	dc.l	0,-21354,-42494,-63422,-83495,-102927,-121292,-138589
	dc.l	-154604,-168912,-181724,-192828,-202011,-209058,-214396,-217599
; ---------18-------
	dc.l	-231304,-230399,-227008,-221355,-213894,-204171,-192414,-178848
	dc.l	-163699,-146741,-128426,-108982,-88406,-67152,-44994,-22610
	dc.l	0,22610,44994,67152,88406,108982,128426,146741
	dc.l	163699,178848,192414,204171,213894,221355,227008,230399
	dc.l	231304,230399,227008,221355,213894,204171,192414,178848
	dc.l	163699,146741,128426,108982,88406,67152,44994,22610
	dc.l	0,-22610,-44994,-67152,-88406,-108982,-128426,-146741
	dc.l	-163699,-178848,-192414,-204171,-213894,-221355,-227008,-230399
; ---------19-------
	dc.l	-244154,-243199,-239619,-233653,-225777,-215514,-203104,-188784
	dc.l	-172793,-154893,-135561,-115036,-93318,-70883,-47494,-23866
	dc.l	0,23866,47494,70883,93318,115036,135561,154893
	dc.l	172793,188784,203104,215514,225777,233653,239619,243199
	dc.l	244154,243199,239619,233653,225777,215514,203104,188784
	dc.l	172793,154893,135561,115036,93318,70883,47494,23866
	dc.l	0,-23866,-47494,-70883,-93318,-115036,-135561,-154893
	dc.l	-172793,-188784,-203104,-215514,-225777,-233653,-239619,-243199
; ---------20-------
	dc.l	-257004,-255999,-252231,-245950,-237660,-226857,-213793,-198720
	dc.l	-181887,-163045,-142696,-121091,-98229,-74614,-49994,-25122
	dc.l	0,25122,49994,74614,98229,121091,142696,163045
	dc.l	181887,198720,213793,226857,237660,245950,252231,255999
	dc.l	257004,255999,252231,245950,237660,226857,213793,198720
	dc.l	181887,163045,142696,121091,98229,74614,49994,25122
	dc.l	0,-25122,-49994,-74614,-98229,-121091,-142696,-163045
	dc.l	-181887,-198720,-213793,-226857,-237660,-245950,-252231,-255999
; ---------21-------
	dc.l	-269854,-268799,-264842,-258248,-249543,-238200,-224483,-208656
	dc.l	-190982,-171198,-149831,-127145,-103141,-78344,-52493,-26378
	dc.l	0,26378,52493,78344,103141,127145,149831,171198
	dc.l	190982,208656,224483,238200,249543,258248,264842,268799
	dc.l	269854,268799,264842,258248,249543,238200,224483,208656
	dc.l	190982,171198,149831,127145,103141,78344,52493,26378
	dc.l	0,-26378,-52493,-78344,-103141,-127145,-149831,-171198
	dc.l	-190982,-208656,-224483,-238200,-249543,-258248,-264842,-268799
; ---------22-------
	dc.l	-282705,-281599,-277454,-270545,-261426,-249543,-235173,-218592
	dc.l	-200076,-179350,-156966,-133200,-108052,-82075,-54993,-27634
	dc.l	0,27634,54993,82075,108052,133200,156966,179350
	dc.l	200076,218592,235173,249543,261426,270545,277454,281599
	dc.l	282705,281599,277454,270545,261426,249543,235173,218592
	dc.l	200076,179350,156966,133200,108052,82075,54993,27634
	dc.l	0,-27634,-54993,-82075,-108052,-133200,-156966,-179350
	dc.l	-200076,-218592,-235173,-249543,-261426,-270545,-277454,-281599
; ---------23-------
	dc.l	-295555,-294399,-290066,-282843,-273309,-260886,-245862,-228528
	dc.l	-209171,-187502,-164101,-139254,-112963,-85806,-57493,-28891
	dc.l	0,28891,57493,85806,112963,139254,164101,187502
	dc.l	209171,228528,245862,260886,273309,282843,290066,294399
	dc.l	295555,294399,290066,282843,273309,260886,245862,228528
	dc.l	209171,187502,164101,139254,112963,85806,57493,28891
	dc.l	0,-28891,-57493,-85806,-112963,-139254,-164101,-187502
	dc.l	-209171,-228528,-245862,-260886,-273309,-282843,-290066,-294399
; ---------24-------
	dc.l	-308405,-307199,-302677,-295140,-285192,-272228,-256552,-238464
	dc.l	-218265,-195655,-171235,-145309,-117875,-89537,-59992,-30147
	dc.l	0,30147,59992,89537,117875,145309,171235,195655
	dc.l	218265,238464,256552,272228,285192,295140,302677,307199
	dc.l	308405,307199,302677,295140,285192,272228,256552,238464
	dc.l	218265,195655,171235,145309,117875,89537,59992,30147
	dc.l	0,-30147,-59992,-89537,-117875,-145309,-171235,-195655
	dc.l	-218265,-238464,-256552,-272228,-285192,-295140,-302677,-307199
; ---------25-------
	dc.l	-321255,-319999,-315289,-307438,-297075,-283571,-267242,-248400
	dc.l	-227359,-203807,-178370,-151363,-122786,-93267,-62492,-31403
	dc.l	0,31403,62492,93267,122786,151363,178370,203807
	dc.l	227359,248400,267242,283571,297075,307438,315289,319999
	dc.l	321255,319999,315289,307438,297075,283571,267242,248400
	dc.l	227359,203807,178370,151363,122786,93267,62492,31403
	dc.l	0,-31403,-62492,-93267,-122786,-151363,-178370,-203807
	dc.l	-227359,-248400,-267242,-283571,-297075,-307438,-315289,-319999
; ---------26-------
	dc.l	-334106,-332799,-327900,-319735,-308958,-294914,-277931,-258336
	dc.l	-236454,-211959,-185505,-157418,-127698,-96998,-64992,-32659
	dc.l	0,32659,64992,96998,127698,157418,185505,211959
	dc.l	236454,258336,277931,294914,308958,319735,327900,332799
	dc.l	334106,332799,327900,319735,308958,294914,277931,258336
	dc.l	236454,211959,185505,157418,127698,96998,64992,32659
	dc.l	0,-32659,-64992,-96998,-127698,-157418,-185505,-211959
	dc.l	-236454,-258336,-277931,-294914,-308958,-319735,-327900,-332799
; ---------27-------
	dc.l	-346956,-345599,-340512,-332033,-320841,-306257,-288621,-268272
	dc.l	-245548,-220112,-192640,-163473,-132609,-100729,-67491,-33915
	dc.l	0,33915,67491,100729,132609,163473,192640,220112
	dc.l	245548,268272,288621,306257,320841,332033,340512,345599
	dc.l	346956,345599,340512,332033,320841,306257,288621,268272
	dc.l	245548,220112,192640,163473,132609,100729,67491,33915
	dc.l	0,-33915,-67491,-100729,-132609,-163473,-192640,-220112
	dc.l	-245548,-268272,-288621,-306257,-320841,-332033,-340512,-345599
; ---------28-------
	dc.l	-359806,-358399,-353123,-344330,-332724,-317600,-299311,-278208
	dc.l	-254643,-228264,-199775,-169527,-137521,-104459,-69991,-35171
	dc.l	0,35171,69991,104459,137521,169527,199775,228264
	dc.l	254643,278208,299311,317600,332724,344330,353123,358399
	dc.l	359806,358399,353123,344330,332724,317600,299311,278208
	dc.l	254643,228264,199775,169527,137521,104459,69991,35171
	dc.l	0,-35171,-69991,-104459,-137521,-169527,-199775,-228264
	dc.l	-254643,-278208,-299311,-317600,-332724,-344330,-353123,-358399
; ---------29-------
	dc.l	-372656,-371199,-365735,-356628,-344607,-328943,-310000,-288144
	dc.l	-263737,-236416,-206910,-175582,-142432,-108190,-72491,-36427
	dc.l	0,36427,72491,108190,142432,175582,206910,236416
	dc.l	263737,288144,310000,328943,344607,356628,365735,371199
	dc.l	372656,371199,365735,356628,344607,328943,310000,288144
	dc.l	263737,236416,206910,175582,142432,108190,72491,36427
	dc.l	0,-36427,-72491,-108190,-142432,-175582,-206910,-236416
	dc.l	-263737,-288144,-310000,-328943,-344607,-356628,-365735,-371199
; ---------30-------
	dc.l	-385506,-383999,-378347,-368926,-356490,-340286,-320690,-298080
	dc.l	-272831,-244568,-214044,-181636,-147344,-111921,-74991,-37683
	dc.l	0,37683,74991,111921,147344,181636,214044,244568
	dc.l	272831,298080,320690,340286,356490,368926,378347,383999
	dc.l	385506,383999,378347,368926,356490,340286,320690,298080
	dc.l	272831,244568,214044,181636,147344,111921,74991,37683
	dc.l	0,-37683,-74991,-111921,-147344,-181636,-214044,-244568
	dc.l	-272831,-298080,-320690,-340286,-356490,-368926,-378347,-383999
; ---------31-------
	dc.l	-398357,-396799,-390958,-381223,-368373,-351629,-331380,-308016
	dc.l	-281926,-252721,-221179,-187691,-152255,-115652,-77490,-38940
	dc.l	0,38940,77490,115652,152255,187691,221179,252721
	dc.l	281926,308016,331380,351629,368373,381223,390958,396799
	dc.l	398357,396799,390958,381223,368373,351629,331380,308016
	dc.l	281926,252721,221179,187691,152255,115652,77490,38940
	dc.l	0,-38940,-77490,-115652,-152255,-187691,-221179,-252721
	dc.l	-281926,-308016,-331380,-351629,-368373,-381223,-390958,-396799